3850.5811
3868.5281
3888.6455
3928.6230
3964.7285
4026.1909
4103.9121
4131.7241
4158.5898
4181.8838
4228.1582
4259.3618
4277.5278
4300.1011
4375.9541
4387.9292
4426.0010
4471.4790
4510.7329
4545.0518
4579.3501
4609.5669
4657.9009
4713.1455
4726.8682
4764.8652
4847.8101
4879.8638
4889.0420
4921.0420
4965.0801
5015.6782
5047.7383
5062.0371
5145.3081
5162.2852
5187.7461
5221.2700
5252.7881
5400.5615
5421.3516
5495.8740
#5506.1128
5558.6997
5739.5195
5852.4878
#5875.6201
5944.8340
5974.6270
6029.9971
6074.3369
6096.1631
6128.4502
6143.0620
6163.5942
6217.2808
6266.4951
6304.7891
6334.4282
6382.9912
6402.2461
6506.5278
6532.8818
6598.9531
6678.1489
6717.0430
6929.4668
6965.4302
7024.0498
#7032.4131
7065.1899
7147.0410
7173.9380
7245.1660
7272.9351
7383.9790
7438.8979
7488.8711
7503.8682
7535.7739
7635.1060
7723.7598
7943.1802
8006.1558
8082.4570
8103.6919
8118.5488
8136.4058
8264.5225
8300.3242
8377.6064
8408.2090
8424.6475
8495.3594
8521.4434
8591.2578
8634.6475
8654.3838
8667.9453
8881.9202
8780.6211