5197.9282230
5577.3466800
5889.9589840
6300.3085940
6363.7827150
6863.9707030
7244.9438480
7276.4243160
7316.2895510
7340.9008790
7524.0068360
7716.9223630
7750.6562500
7794.1206050
7821.5190430
7853.5239260
7913.7177730
7964.6542970
7993.3339840
8344.6132810
8399.1757810
8430.1767580
8827.1123050
8885.8564450
8919.6367190
8957.9511720
9375.9765620
9419.7460940
9439.6699220
9458.5244140
9476.8955080
9502.8349610
9519.5390620
9567.1132810
9791.1162110
9872.1474610
9914.7773440
10012.831055
10082.458008
10124.014648
10171.966797
10189.719727
10211.066406
10286.652344
10347.285156
10372.883789
10396.569336
10418.387695
